coord_text <-
list(x = c(0.152069274817329, 0.141912164562384, 0.624962129774662, 
0.638423204737695), y = c(0.529119081042182, 0.0221357813619724, 
0.783529165839295, 0.27081195066278))
coord_text_1_2 <-
list(x = c(0.256678727291135, 0.276306818633243, 0.768582444593144, 
0.774392204875417), y = c(0.774234313995922, 0.246859435446985, 
0.95, 0.455135706572208))
coord_text_2 <-
list(x = c(0.32, 0.32, 0.32, 0.32, 0.32, 0.32, 0.32, 0.7, 0.7, 
0.7, 0.7, 0.7, 0.7, 0.7), y = c(0.972035239486037, 0.899640954639472, 
0.636889319409292, 0.377768203538581, 0.304070101223635, 0.201486319084338, 
0.052116379723306, 0.987335285358088, 0.946283043632657, 0.850664960343771, 
0.768711748532888, 0.487656244865383, 0.18031549289886, 0.0522532445404289
))
coord_text_3 <-
list(x = c(0.3, 0.3, 0.3, 0.3, 0.3, 0.3, 0.3, 0.7, 0.7, 0.7, 
0.7, 0.7, 0.7, 0.7), y = c(0.974909400645617, 0.93202028900617, 
0.847805206007046, 0.744882863530656, 0.541761068097477, 0.317742176113066, 
0.122407268433036, 0.901420197262069, 0.789752913312671, 0.732860369858127, 
0.626660475182215, 0.412337374979245, 0.193368074405525, 0.0394239687880178
))
coord_text_4 <-
list(x = c(1.33848479415251, 2.19086238761943), y = c(12.3831039598594, 
11.6533472547017))
